progra 0 6
xi 0 9
; 0 9
const 1 5
a 1 7
:= 1 7
5 1 10
; 1 10
var 2 3
j 2 5
, 2 5
sum 2 9
, 2 9
x 2 11
procedure 3 10
suml 3 15
( 3 15
x 3 17
) 3 17
; 3 18
var 4 4
j 4 6
; 4 6
begin 5 6
j 6 3
:= 6 3
1 6 6
; 6 6
sum 7 5
:= 7 5
0 7 8
; 7 8
while 8 7
j 8 9
<= 8 9
x 8 12
begin 9 7
sum 10 6
:= 10 6
sum 10 11
+ 10 11
j 10 13
; 10 13
j 11 4
:= 11 4
j 11 7
+ 11 7
1 11 9
end 12 5
; 12 5
write 13 7
( 13 7
sum 13 11
) 13 11
end 14 4
begin 15 5
read 16 5
( 16 5
x 16 7
) 16 7
; 16 8
write 17 6
( 17 6
x 17 8
) 17 8
; 17 9
read 18 5
( 18 5
j 18 7
) 18 7
; 18 8
write 19 6
( 19 6
j 19 8
) 19 8
; 19 9
call 20 5
suml 20 10
( 20 10
j 20 12
+ 20 12
5 20 14
) 20 14
; 20 15
write 21 6
( 21 6
j 21 8
) 21 8
end 22 3
